2.0  0.99999571
3.0  1.00000175
4.0  0.0064833826099999995
5.0  0.9964388078418002
6.0  0.8187124695893001
7.0  0.938123980802678
8.0  0.9447695677667257
9.0  0.9893245029141144
10.0  0.9645771424840943
11.0  0.9646450334141264
12.0  0.9646700130714002
13.0  0.9647137127900002
14.0  0.96473548691
15.0  0.9647582496499999
16.0  0.9645475333410002
17.0  0.9646741778499999
18.0  0.9650127046999996
19.0  0.9660676331
20.0  0.9661038016000001
21.0  0.9662805877999995
22.0  0.9663250194999998
23.0  0.9668738409999994
24.0  0.9668356120000002
25.0  0.9674606139999998
26.0  0.9699213760000002
27.0  0.9666429579999992
28.0  0.9704624545999998
29.0  0.9705050863999997
30.0  0.9704648009999991
31.0  0.9702726890000007
32.0  0.9700471999999994
33.0  0.9703849100000004
34.0  0.9673619200000001
35.0  0.9694234600000009
36.0  0.9693926650000005
37.0  0.9699480309999998
38.0  0.9699920217999999
39.0  0.9672127369999998
40.0  0.9710817849999998
41.0  0.9712331239999997
42.0  0.9717568959099997
43.0  0.9720133120000003
44.0  0.9723813989999995
45.0  0.9723730938799996
46.0  0.9723742824300002
