2.0  1.00000074
3.0  1.00000175
4.0  0.0064859266399999995
5.0  0.9968928251362001
6.0  0.8187831121203001
7.0  0.9383262538535977
8.0  0.944874012079642
9.0  0.9893245029129013
10.0  0.9880366910016671
11.0  0.9879607520070712
12.0  0.9879605802521996
13.0  0.9879631853359999
14.0  0.9879652635150004
15.0  0.9879685141330002
16.0  0.9879654136120001
17.0  0.98798416103
18.0  0.98805447623
19.0  0.9881941837
20.0  0.9881845899600002
21.0  0.9881887554
22.0  0.98817412728
23.0  0.9882153644999995
24.0  0.9882545632999996
25.0  0.9884130717000001
26.0  0.9887694639000001
27.0  0.9891820872999998
28.0  0.9894078351000002
29.0  0.9896050218999998
30.0  0.9900451050000001
31.0  0.9909643979999996
32.0  0.9911012610000001
33.0  0.9922472580000004
34.0  0.9928213340000003
35.0  0.993848451
36.0  0.9944430649999993
37.0  0.9951145320000003
38.0  0.9951336020000002
39.0  0.995547806
40.0  0.995589914
41.0  0.9976302839999999
42.0  0.9976316344599994
43.0  0.9976277369999996
44.0  0.9976940430000003
45.0  0.9976942735050001
46.0  0.9976939609290004
