2.0  1.0006483
3.0  1.00133004
4.0  0.006491346279999999
5.0  0.996425807439
6.0  0.8158915921522002
7.0  0.9341667209286718
8.0  0.9426000058048541
9.0  0.9893245029129013
10.0  0.9935213438349741
11.0  0.9935642532359864
12.0  0.9935646086109002
13.0  0.993580472394
14.0  0.9935887764540002
15.0  0.9936017498073001
16.0  0.9936167623868997
17.0  0.9936280015300007
18.0  0.9938533939900004
19.0  0.9941625457
20.0  0.9942994320000003
21.0  0.9944634436000002
22.0  0.9945612578999999
23.0  0.9947765220999993
24.0  0.9949236108000006
25.0  0.9956348000000002
26.0  0.9972404870000006
27.0  0.9973254420000004
28.0  0.9970764267000002
29.0  0.9970733011999993
30.0  0.9972358489999998
31.0  0.9982696119999995
32.0  0.9982569040000003
33.0  0.998285501
34.0  0.9982325389999993
35.0  0.9985297400000003
36.0  0.9985605559999997
37.0  0.9999999400000003
38.0  1.0000006357000002
39.0  0.9999997409999994
40.0  0.999999594
41.0  0.9999999900000005
42.0  0.9999998856999998
43.0  0.9999998410000002
44.0  1.0000000099999993
45.0  1.0000003954999996
46.0  1.0000003319999993
