2.0  0.99999974
3.0  0.99999974
4.0  0.0064859065
5.0  0.9968878249354001
6.0  0.8934871355304999
7.0  0.934942120018713
8.0  0.9421000140190768
9.0  0.9318900997207828
10.0  0.9466638119493619
11.0  0.9576082076307989
12.0  0.9657371656003694
13.0  0.9660196036773997
14.0  0.9663001058680001
15.0  0.966335224254
16.0  0.9629224266099998
17.0  0.9629981908599997
18.0  0.9631356057
19.0  0.9635296269
20.0  0.9636805518
21.0  0.9640814026000004
22.0  0.9650104825999996
23.0  0.9660810160000004
24.0  0.9661549079999997
25.0  0.968100064
26.0  0.9696656410000005
27.0  0.9712971789999998
28.0  0.9715764049999998
29.0  0.971638398999999
30.0  0.9761827059999998
31.0  0.979467
32.0  0.9795399200000002
33.0  0.9801633999999999
34.0  0.9814550339999998
35.0  0.9814955599999998
36.0  0.9813342780000006
37.0  0.9836656400000001
38.0  0.9838999049999999
39.0  0.9871674400000005
40.0  0.9871109669999997
41.0  0.9929081800000005
42.0  0.9929125610299999
43.0  0.9932247219999996
44.0  0.993161477
45.0  0.9931619803300007
46.0  0.9931606943700007
