2.0  0.99999974
3.0  0.99999974
4.0  0.0064859065
5.0  0.51419107567
6.0  0.6563856634429001
7.0  0.6494906336585298
8.0  0.720946701875287
9.0  0.6253773125855075
10.0  0.6057988452649998
11.0  0.6058497410029001
12.0  0.6058553322299998
13.0  0.60589875397
14.0  0.6058919510799998
15.0  0.6059061002999999
16.0  0.6056710902999999
17.0  0.6058154693000001
18.0  0.6066917670000005
19.0  0.6064760600000002
20.0  0.6065054889999999
21.0  0.6069060460000001
22.0  0.6071634039999998
23.0  0.6074555329999999
24.0  0.6074593110000001
25.0  0.6069884110000001
26.0  0.6134570399999997
27.0  0.6132568820000003
28.0  0.6144386079999997
29.0  0.6163420600000002
30.0  0.6194321370000001
31.0  0.6208417300000004
32.0  0.6206893360000001
33.0  0.6209613279999998
34.0  0.6245041099999997
35.0  0.6274598500000002
36.0  0.6222941299999999
37.0  0.62521197
38.0  0.6314201399999999
39.0  0.63561293
40.0  0.6361688759999999
41.0  0.6412382199999999
42.0  0.6412420767
43.0  0.6417353060000001
44.0  0.6410547949999997
45.0  0.64105923758
