2.0  0.99999974
3.0  0.99999974
4.0  0.0064859065
5.0  0.0199966084
6.0  0.055600038114
7.0  0.06294894587567999
8.0  0.081221658013896
9.0  0.08866299638639995
10.0  0.09247294912000001
11.0  0.0951284443
12.0  0.09741284186000002
13.0  0.09924848680000001
14.0  0.09923907209999999
15.0  0.09831538359999997
16.0  0.09832789200000001
17.0  0.09731630599999999
18.0  0.09613201400000003
19.0  0.094123232
20.0  0.09328476
21.0  0.09128677299999999
22.0  0.09104163200000001
23.0  0.090417229
24.0  0.09040271300000001
25.0  0.08701846099999999
26.0  0.084859633
27.0  0.08213675899999999
28.0  0.080776112
29.0  0.08003359
30.0  0.07622069000000002
31.0  0.06905657999999999
32.0  0.06684984999999999
33.0  0.06708967
34.0  0.05470861
35.0  0.05011812
36.0  0.04984303
37.0  0.03503481
38.0  0.03460909
39.0  0.03476365
40.0  0.03447629
41.0  0.03530721
42.0  0.035304119999999994
43.0  0.035466109999999995
44.0  0.03438716
