2.0  0.99414562
3.0  0.99097221
4.0  0.00652483003
5.0  0.9853163857262
6.0  0.8001798465635999
7.0  0.8729909957042798
8.0  0.9028065627382911
9.0  0.989324502892889
10.0  0.9922298810878495
11.0  0.9927624062079086
12.0  0.9929211727258402
13.0  0.9930938431500002
14.0  0.9930772399300003
15.0  0.9931790632131998
16.0  0.9933117781592998
17.0  0.9934475169999999
18.0  0.99370516111
19.0  0.9939035898000004
20.0  0.9943623053500004
21.0  0.9943427209000002
22.0  0.9942980812000002
23.0  0.9948873965999998
24.0  0.9957564276999996
25.0  0.9958893729999999
26.0  0.9979988859999999
27.0  0.9981226220000006
28.0  0.9981464231999998
29.0  0.9981463997
30.0  0.9982367520000001
31.0  0.998210398
32.0  0.9982247030000002
33.0  0.9982520609999995
34.0  0.9981944709999996
35.0  1.0000002320000003
36.0  1.0000007998999998
37.0  0.99999941
38.0  1.000000001
39.0  1.0000002659999994
40.0  1.0000005999999995
41.0  0.999999975
42.0  1.0000005676000003
43.0  0.9999997040000002
44.0  0.999999621
45.0  0.9999996295300003
46.0  0.9999997570000002
