2.0  0.9999806299999999
3.0  0.99996455
4.0  0.00648567515
5.0  0.9968788245332002
6.0  0.8187809111189999
7.0  0.9383566049767101
8.0  0.9448833760917271
9.0  0.9893245029028993
10.0  0.9779202982935752
11.0  0.9778424936913266
12.0  0.9778435364882
13.0  0.9778463201320001
14.0  0.9778573293199997
15.0  0.9778632885780002
16.0  0.977808225287
17.0  0.9778070240900002
18.0  0.9779075250999997
19.0  0.9784012351000005
20.0  0.9785556181100002
21.0  0.9786097252000002
22.0  0.9786365972000007
23.0  0.9786987449999996
24.0  0.9787841742000002
25.0  0.9790435817000004
26.0  0.9801793200000006
27.0  0.980241533
28.0  0.9798681418000004
29.0  0.9802128770000007
30.0  0.9805365240000002
31.0  0.9815643570000002
32.0  0.9813197619999997
33.0  0.9840125409999996
34.0  0.9843642800000002
35.0  0.9876528349999999
36.0  0.9880714510000003
37.0  0.9904117610000002
38.0  0.9904836409000002
39.0  0.991046538
40.0  0.9916309509999996
41.0  0.9946140079999995
42.0  0.9948081789999996
43.0  0.9949112630000004
44.0  0.9949721479999998
45.0  0.9949538702420003
46.0  0.9949445155500003
