2.0  0.99999974
3.0  0.99999974
4.0  0.0064859065
5.0  0.013596540979999999
6.0  0.007669075194
7.0  0.01570651578753
8.0  0.015464057061542998
9.0  0.017010780539399997
10.0  0.017349255159999993
11.0  0.017704283830000007
12.0  0.018124263269999996
13.0  0.0180323078
14.0  0.017971147099999994
15.0  0.017161116000000004
16.0  0.015967316
17.0  0.013650775
18.0  0.00793633
19.0  0.00817308
20.0  0.00818823
21.0  0.00553784
22.0  0.00560928
23.0  0.00562463
24.0  0.00562463
25.0  0.00508871
26.0  0.00430218
27.0  0.00401758
28.0  0.00402691
29.0  0.00402512
30.0  0.00402176
31.0  0.00394501
32.0  0.00303668
33.0  0.00304057
34.0  0.00271268
35.0  0.00274215
36.0  0.00274418
37.0  0.0
38.0  0.0
39.0  0.0
40.0  0.0
41.0  0.0
42.0  0.0
43.0  0.0
