2.0  0.99999974
3.0  0.99999974
4.0  0.0064859065
5.0  0.9968878249352002
6.0  0.8188096325626003
7.0  0.9383252417521949
8.0  0.9448745870945889
9.0  0.9855520338151128
10.0  0.9890615960696787
11.0  0.9891751016887073
12.0  0.9891806055590499
13.0  0.9891820041723999
14.0  0.9891823423629997
15.0  0.9891844750700001
16.0  0.9885113416990002
17.0  0.9885542563800002
18.0  0.9886771997
19.0  0.9888976042000001
20.0  0.9889597218500004
21.0  0.9890075916000003
22.0  0.9891497721999997
23.0  0.9893210942999998
24.0  0.9896647672999997
25.0  0.9903454209999997
26.0  0.9926401289999995
27.0  0.9930769820000007
28.0  0.993376795
29.0  0.9946397400000004
30.0  0.996545411
31.0  0.9983851800000001
32.0  0.9984152699999999
33.0  0.9983881700000004
34.0  0.9984928749999997
35.0  0.9999999199999996
36.0  0.9999999480000005
37.0  1.0000001499999998
38.0  0.9999999469999996
39.0  1.000000074
40.0  1.0000006080000006
41.0  1.0000001
42.0  1.0000002900100002
43.0  1.0000001670000005
44.0  0.9999998879999997
45.0  0.9999998145099996
46.0  0.99999975408
