2.0  0.99999974
3.0  0.99999974
4.0  0.0064859065
5.0  0.9960885298308
6.0  0.9822626325344098
7.0  0.9745084634373682
8.0  0.9728849337864711
9.0  0.9599916126552128
10.0  0.9607817853830123
11.0  0.9616150909726626
12.0  0.9624242075380102
13.0  0.9630681525445005
14.0  0.9631005421779996
15.0  0.9631339397909999
16.0  0.9591434391200002
17.0  0.9591949233
18.0  0.9593328831000003
19.0  0.9597303270000004
20.0  0.9598174327000003
21.0  0.9598842920000002
22.0  0.9602353956999998
23.0  0.9613904280000004
24.0  0.9614915660000002
25.0  0.9627476090000002
26.0  0.9655308049999995
27.0  0.9661219
28.0  0.9661352237000004
29.0  0.9667353670000001
30.0  0.9680031849999999
31.0  0.9699018820000003
32.0  0.9699724700000005
33.0  0.9700777199999994
34.0  0.9704068549999996
35.0  0.970010293
36.0  0.9707727700000002
37.0  0.9725617200000002
38.0  0.97354301
39.0  0.9767569499999996
40.0  0.9769906880000001
41.0  0.98632661
42.0  0.9863355809800005
43.0  0.9863373899999995
44.0  0.9865369800000001
45.0  0.9867632000000003
46.0  0.9882129100000002
