2.0  0.99999974
3.0  0.99999974
4.0  0.0064859065
5.0  0.01295303007
6.0  0.002429043739
7.0  0.005843001987399999
8.0  0.00545570632587
9.0  0.0055615276030000025
10.0  0.0060128386599999995
11.0  0.006438055040000001
12.0  0.006589441699999998
13.0  0.0063974314000000004
14.0  0.006189298700000001
15.0  0.005470951999999999
16.0  0.002833639
17.0  0.0
18.0  0.0
19.0  0.0
20.0  0.0
21.0  0.0
22.0  0.0
23.0  0.0
24.0  0.0
25.0  0.0
26.0  0.0
27.0  0.0
28.0  0.0
29.0  0.0
30.0  0.0
31.0  0.0
32.0  0.0
33.0  0.0
34.0  0.0
35.0  0.0
36.0  0.0
37.0  0.0
38.0  0.0
39.0  0.0
